BM25
[#teaparty, #gop, gop, teaparti]	4	38.035213	14	2	0.012455516	0.01923077	0.9992238587	0.0867803292	7.4439762278	6360.268075947	10.740708752
[tcot, #teaparty, #tlot, #tcot, tlot, teaparti]	6	35.75674	2	1	0.0010604454	0.0016433854	0.9997646156	0.1602400399	8.8013953268	4422.4573547437	11.614113556
[certif, birth, obama]	3	25.416637	108	36	0.017913418	0.021796165	0.9856154388	0.0371855491	4.6937856133	882.614769528	7.7964395188
[certif, there, birth, obama]	4	25.416637	74	37	0.001729942	0.00201377	0.7508716741	1.13E-004	0.2169879096	85.5374653397	4.7556157617
[birth, hawaii, info, obama]	4	24.890434	76	38	0.0068480805	0.015338043	0.8837962139	0.0011683423	1.4958525787	347.6390404578	5.2952516793
[100, birth, hawaii, obama]	4	24.890434	76	38	0.0051085567	0.008858841	0.853236904	4.40E-004	1.2575342101	246.2557356219	5.0284648522
[charg, would, 100, birth, hawaii, obama]	6	24.890434	76	38	0.001757957	0.0028814073	0.7516942745	2.78E-004	0.7581200517	50.9841974167	3.6386058954
[tcot, presid, #tcot]	3	24.242706	12	6	0.0029261156	0.0041608876	0.9578378282	0.0074791332	3.2267487061	806.3187092786	5.487192843
[tcot, presid, mr, #tcot]	4	24.242706	12	6	0.0013608529	0.0025439898	0.8567439026	9.19E-004	0.1418482984	441.0826216586	4.5333357677
[31, bid, jan]	3	22.177704	2	1	1.74E-004	3.40E-004	0.9664554332	0.0052344866	3.7874103106	443.8487784026	6.2233303488
[shock, thei]	2	21.046745	4	1	8.89E-005	9.21E-005	0.5942469377	0.0021328029	0.8905085911	27.0624044529	1.9384554015
[tcot, #teaparty, wa, #tcot, teaparti]	5	21.014404	8	4	1.09E-004	1.11E-004	0.6482545667	5.36E-005	0.4882904612	90.2398672049	4.7550280391
[#fok, fok, keith]	3	20.551083	2	1	0.002642008	0.0036832413	0.9979522155	0.0465147843	6.0794676157	7474.8101541441	9.744923224
[#fok, p2, fok, #p2]	4	20.551083	6	3	0.005830904	0.0073619634	0.9943600791	0.0066832321	4.8431257119	4525.9970692863	8.3705795286
[#fok, fok, bill]	3	20.551083	16	8	0.0054127197	0.005835157	0.9291421921	0.0029455391	1.3901842194	812.5155281988	4.7457538125
[#fok, er, fok]	3	20.551083	3	1	2.29E-004	2.33E-004	0.8939601313	1.91E-004	1.7617525682	171.6062256339	4.0993323987
[ye, #fok, fok]	3	20.551083	2	1	9.31E-005	9.40E-005	0.8103427664	7.78E-005	1.0702757714	81.029633409	3.2052039576
[#fok, fok, deal]	3	20.551083	2	1	3.08E-004	3.19E-004	0.7750258061	0.001000119	-0.2721143939	225.3236215749	2.9677845663
[#fok, fok, here, bachmann]	4	20.551083	2	1	6.72E-005	6.87E-005	0.7477801892	4.52E-005	-0.8954396978	61.2312436591	4.0577085592
[tonight, #fok, fok]	3	20.551083	2	1	1.20E-004	1.22E-004	0.7174450492	3.47E-005	0.1439277935	80.2316261745	2.5806598498
[#fok, fok, r]	3	20.551083	2	1	1.19E-004	1.21E-004	0.7148357545	0.0016048223	0.1332171948	78.9166051303	2.5652570238
[ha, #fok, fok]	3	20.551083	6	3	1.38E-004	1.38E-004	0.6807666058	3.00E-005	0.5404893095	29.4752003341	2.3461887989
[#fok, fok, think]	3	20.551083	2	1	4.98E-005	5.00E-005	0.6700616484	0.0027158144	0.4360331149	31.0332415104	2.2954629157
[#fok, sorri, fok]	3	20.551083	2	1	1.76E-004	1.79E-004	0.6310613958	1.78E-005	-0.8511807022	92.2056484194	2.1336878471
[#fok, oh, fok]	3	20.551083	2	1	5.83E-005	5.87E-005	0.6305416668	2.05E-005	0.1221409272	32.7146564547	2.110044202
[#fok, fok, us, sure]	4	20.551083	4	2	7.51E-005	1.00E-004	0.6278524716	0.0012061126	-0.0900356385	28.1898267371	2.1122347943
[#fok, fok, part]	3	20.551083	2	1	1.49E-004	1.52E-004	0.5790803274	4.93E-004	-1.0153495202	69.8042714352	1.8973842467
[#fok, fok, better]	3	20.551083	2	1	1.11E-004	1.13E-004	0.47053419	3.19E-004	-1.3159474178	40.1042355606	1.4649728136
[#fok, fok, feel]	3	20.551083	2	1	7.23E-005	7.28E-005	0.4599568668	4.56E-004	-0.9185285877	26.0057300919	1.4218803007
[#fok, fok, want]	3	20.551083	4	2	9.76E-005	9.81E-005	0.4172068985	4.99E-004	-0.7720622977	15.9448738425	1.2659470569
[#fok, on, fok]	3	20.551083	2	1	8.40E-006	8.40E-006	0.4138282746	6.28E-006	0.1398845474	2.9117155265	1.1805913558
[#fok, fok, w]	3	20.551083	2	1	5.00E-005	5.03E-005	0.1051614795	1.74E-005	-2.1262842379	3.7162616439	0.3019760225
[#fok, fok]	2	20.551083	16	1	0.07476635	0.07476635	0	0	0	0	0
[#fok, @keitholbermann, fok]	3	20.551083	6	1	0.028037382	0.028037382	0	0	0	0	0
[shock, @jan_kooijman, #gtst, danni, new, sletj, gtst, een]	8	20.549274	2	1	2.21E-005	2.81E-005	0.619327262	6.79E-008	0.8020167301	13.3955703652	4.3431294205
[medvedev, presid, leader, doesn, need, sai, told]	7	19.549711	18	9	1.89E-004	4.47E-004	0.7185996674	8.60E-004	1.2793780893	16.9774425125	3.201508063
[find, still, low, couldn, high, nobodi, over]	7	19.138288	2	1	2.60E-005	7.99E-005	0.577464919	1.69E-004	3.6860454866	24.2087530958	2.0758004441
[#teaparty, palin, teaparti]	3	19.019691	4	1	0.004060914	0.0067911716	0.9985060225	0.0491679584	6.6727706828	6414.7101263918	10.0767531418
[#sotu, #teaparty, sotu, teaparti]	4	19.019691	4	1	0.0011517421	0.0012999675	0.9853970266	0.0043288077	4.2749389732	1205.0884877028	6.9645866784
[#teaparty, respons, teaparti]	3	19.019691	4	1	0.0015729454	0.0018630647	0.9820559412	0.0033179634	3.885878646	1519.3820723845	6.7132708167
[#teaparty, state, union, teaparti]	4	19.019691	4	2	4.19E-004	5.97E-004	0.9714163597	0.0017275825	3.7105808459	829.8022733773	6.6911821619
[#teaparty, inspir, teaparti]	3	19.019691	2	1	6.18E-004	7.04E-004	0.8072704297	1.11E-004	-0.0948111011	489.8882315507	3.2217313652
[#teaparty, read, teaparti]	3	19.019691	2	1	1.54E-004	1.59E-004	0.7304676569	6.86E-005	0.5057098101	109.3975716175	2.6634773214
[#teaparty, about, teaparti]	3	19.019691	4	1	8.57E-005	8.65E-005	0.6512901456	4.55E-005	0.7152940908	26.9638228736	2.1963744484
[#teaparty, did, teaparti]	3	19.019691	2	1	8.74E-005	8.89E-005	0.562760675	2.27E-005	-0.0798793183	42.3095897558	1.8214961681

YuleQ
[@addtoany]	1	9.526511	6	1	Infinity	Infinity	NaN	NaN	NaN	NaN	NaN
[@presssec, @barackobama]	2	9.269671	2	1	Infinity	Infinity	NaN	NaN	NaN	NaN	NaN
[@addthis, @metro_tv]	2	7.089389	16	4	Infinity	Infinity	NaN	NaN	NaN	NaN	NaN
[@addthis, @nhincheeranun]	2	7.089389	8	4	Infinity	Infinity	NaN	NaN	NaN	NaN	NaN
[via, buzzbox, @skynewsuk]	3	4.9526258	15	5	4.07E-004	4.07E-004	1	6.79E-004	0	117.0328125846	7.1553043385
[my6sens, via, @coaic]	3	4.9526258	15	5	4.07E-004	4.07E-004	1	0.3545680111	0	108.8296844724	7.1553041841
[bioportfolio, new]	2	4.28815	12	4	1.69E-004	1.69E-004	1	0.3493657423	0	56.0920263219	6.2061759886
[troktiko, new, @tzoulianet]	3	4.28815	12	4	1.69E-004	1.69E-004	1	0.3153871412	0	50.2423952514	6.2061759886
[lalann, jack]	2	7.641811	28	1	0.009317803	0.011124355	0.9999786909	0.7210230438	10.5217642315	2856.9847460795	10.9868279215
[tcot, #ocra, ocra, #tcot]	4	16.737051	12	4	0.009049774	0.009860313	0.9999663037	0.0720044483	9.778864554	6045.2152180126	11.9641848458
[tcot, #tlot, #tcot, tlot]	4	16.737051	100	4	0.06711409	0.08216927	0.9999505995	0.1704889787	9.9807726015	5814.0794890297	11.894289891
[emanuel, ballot, rahm]	3	10.011557	2	1	0.0022396417	0.0057636886	0.999933148	0.3532559298	9.8417680509	10078.5027645284	13.0206276484
[emanuel, ballot]	2	10.011557	2	1	0.0034364262	0.0057636886	0.9999205712	0.2810074029	9.6514508626	15158.692318219	12.9386996504
[jack, hanafi]	2	7.641811	3	1	0.001174628	0.0011918951	0.9999164656	0.0114774981	8.1007455236	2599.7355416782	10.9037910303
[tcot, sgp, #ocra, #tlot, ocra, #tcot, tlot, #sgp]	8	16.737051	8	4	0.0043956046	0.0065735416	0.9999126999	0.147785574	9.4647727017	4600.327240553	12.4874680535
[tcot, sgp, #tlot, #tcot, tlot, #sgp]	6	16.737051	8	4	0.004675628	0.0065735416	0.9998869143	0.1577805949	9.3151296003	4921.7158850079	12.0669011116
[tyrek, evan]	2	9.403648	6	2	0.013333334	0.013888889	0.9998713331	0.3345734695	8.0825857533	15613.7679713082	12.7203867471
[jambi, @addthis, beranak, @metro_tv, sumatra, harimau]	6	7.089389	8	4	0.041450776	0.13114753	0.9998598086	0.0636297327	7.9538885516	36766.1108403162	13.5225920848
[tcot, sgp, #tcot, #sgp]	4	16.737051	48	4	0.033379693	0.03944125	0.9998570411	0.1094895843	9.0329017004	5670.9716144448	11.6349832735
[new, zealand]	2	4.28815	140	4	0.001961581	0.0019696949	0.9998127051	0.0033074599	6.9415115089	64.4716452363	6.1963280679
[schmidt, eric]	2	8.713313	6	1	0.0055658626	0.006960557	0.9998076636	0.4085765016	8.7778148045	7508.1908195755	11.8168395259
[tcot, sgp, #teaparty, #tcot, #sgp, teaparti]	6	16.737051	16	4	0.0087241	0.013147083	0.99979317	0.1516253632	8.7414784219	4457.9896550539	11.7066874078
[tcot, #teaparty, #tcot, teaparti]	4	16.737051	188	4	0.11655301	0.15447822	0.9997662441	0.157480996	8.6987294988	5138.0643845339	11.3696135861
[tcot, @n_idahoelection, #teaparty, #tcot, teaparti]	5	16.737051	8	4	0.0049597025	0.0065735416	0.9997662441	0.157480996	8.6987294988	5138.0643845339	11.3696135861
[tcot, #teaparty, #tlot, #tcot, tlot, teaparti]	6	35.75674	2	1	0.0010604454	0.0016433854	0.9997646156	0.1602400399	8.8013953268	4422.4573547437	11.614113556
[mickelson, watson, bubba]	3	9.787977	2	1	0.0037383179	0.006802721	0.9997075982	0.117633073	7.9877813694	13590.2507585315	12.2330007343
[watson, bubba]	2	9.787977	8	1	0.01746725	0.027210884	0.9996999314	0.095625548	8.1716376154	16293.2993521235	12.0879748945
[mickelson, watson]	2	9.787977	2	1	0.0053908355	0.006802721	0.9996800939	0.1537654664	7.8484644597	18945.1992445091	12.1047398268
[#constantcontact, via, @, constantcontact]	4	4.9526258	10	5	2.69E-004	2.72E-004	0.9996754825	0.0076369272	7.5494293844	144.767961116	7.122232414
[#constantcontact, via, constantcontact]	3	4.9526258	820	5	0.022062583	0.022274135	0.9996754825	0.0076369272	7.5494293844	144.767961116	7.122232414
[tcot, p2, #tlot, #tcot, tlot, #p2]	6	16.737051	92	4	0.039913233	0.07559573	0.9996711114	0.1415715678	8.5889099795	3551.2229979997	11.3170909894
[barack, obama]	2	6.9641147	1470	30	0.26967528	0.29667002	0.9996620191	0.527800126	8.2828838909	1383.5458873371	9.7913730725
[barack, #obama, obama]	3	6.9641147	60	30	0.011007154	0.012108981	0.9996620191	0.527800126	8.2828838909	1383.5458873371	9.7913730725
[condicionado, ar]	2	4.162895	106	2	0.0013121573	0.0013181457	0.9996586346	0.3856085752	7.0214534313	56.5238542156	6.0122656249
[tcot, #ocra, #teaparty, p2, #tlot, ocra, #tcot, tlot, #p2, teaparti]	10	16.737051	8	4	0.002846975	0.0065735416	0.9996578845	0.1040104133	8.4197670806	2846.7781550943	11.6018957441
[tcot, sgp, twister, #teaparty, #twisters, #tcot, #sgp, teaparti]	8	16.737051	16	4	0.008056395	0.013147083	0.9996563367	0.0903868827	8.1979944001	3985.0072965179	11.5892116965
[tcot, #ocra, p2, ocra, #tcot, #p2]	6	16.737051	8	4	0.0037365716	0.0065735416	0.999643804	0.0640666205	8.3621121507	3690.6404336532	11.3029589641
[p2, #tlot, tlot, #p2]	4	17.538712	4	2	0.0036764706	0.0049079754	0.9996084238	0.1000924005	8.1143630815	7053.3468757879	11.3542735986
[tcot, #teaparty, p2, #tlot, #tcot, tlot, #p2, teaparti]	8	16.737051	8	4	0.002961866	0.0065735416	0.9995720002	0.1261982036	8.2468225822	2979.7493166518	11.2383961046
[watson, emma]	2	9.787977	4	1	0.005	0.007905139	0.9995004663	0.1626003486	7.8232955866	9213.6868562655	11.3304297581
[sgp, p2, #tlot, tlot, #p2, #sgp]	6	17.538712	6	2	0.0045836517	0.0073619634	0.9994790369	0.1376635618	7.9652673053	5825.3926522225	11.5017086572
[tcot, p2, #tcot, #p2]	4	16.737051	412	4	0.2027559	0.3385374	0.9994543108	0.187460914	7.9455429808	3941.8526208943	10.7027094786
[tcot, p2, @conservativeind, #tcot, #p2]	5	16.737051	8	4	0.003937008	0.0065735416	0.9994543108	0.187460914	7.9455429808	3941.8526208943	10.7027094786
[tcot, #teaparty, p2, #tcot, #p2, teaparti]	6	16.737051	64	4	0.026359143	0.052588332	0.9994319915	0.1191348428	7.9277214132	3277.0442779193	10.8677919823
[fflick, googl]	2	6.642564	3	1	4.36E-004	4.39E-004	0.9993976777	0.3926143658	6.9518261717	837.5356803496	9.2835231921
[maher, bill]	2	7.5561647	35	7	0.012446657	0.012764405	0.9993922632	0.3350219211	7.2823228805	2264.6977144584	10.2324068734
[suprem, ballot, court]	3	10.011557	2	1	8.73E-004	0.0011757789	0.9993818986	0.1504777967	7.6351493507	3208.8253578701	10.8081459166
[suprem, emanuel, ballot, court]	4	10.011557	4	1	0.0015157256	0.0023515578	0.9993810393	0.1472930564	7.7690571509	2849.9454148944	11.0731515207
[tcot, twister, #twisters, #tcot]	4	16.737051	12	4	0.008765522	0.009860313	0.9993428104	0.0359332303	7.467404501	5030.8863851577	10.7569674254
[paul, mccartnei]	2	7.87629	6	1	0.0028625955	0.003013561	0.9993027646	0.0199944691	7.3144451845	3144.5585035762	10.404635642
[penc, mike]	2	7.984399	2	1	0.0010810811	0.0011191942	0.9992634353	0.2525975145	7.0726443078	3403.8663312365	10.4495579995
[tcot, sgp, #tpp, tpp, #tcot, #sgp]	6	16.737051	8	4	0.0051981807	0.0065735416	0.9992408667	0.024852591	7.2498671396	5015.7141925479	10.9328171365
[#teaparty, #gop, gop, teaparti]	4	38.035213	14	2	0.012455516	0.01923077	0.9992238587	0.0867803292	7.4439762278	6360.268075947	10.740708752
[tcot, #teaparty, #gop, #tcot, gop, teaparti]	6	16.737051	24	4	0.010252029	0.019720625	0.999191092	0.1014225869	7.6264595969	3253.2418891646	10.6692007492
[ballot, court]	2	10.011557	2	1	0.0010330578	0.0011757789	0.9991763287	0.2496694669	7.3526796748	3581.487902387	10.3584428849
[emanuel, ballot, chicago]	3	10.011557	4	1	0.0013893713	0.0017414019	0.9991682566	0.2445362271	7.7111528386	2583.1431353582	10.8877922628
[abercrombi, certif, birth]	3	18.452522	64	32	0.055315472	0.093294464	0.9991373583	0.1110592592	6.9932424152	5775.0086998925	10.8060201014


NMI
[@addtoany]	1	9.526511	6	1	Infinity	Infinity	NaN	NaN	NaN	NaN	NaN
[@presssec, @barackobama]	2	9.269671	2	1	Infinity	Infinity	NaN	NaN	NaN	NaN	NaN
[@addthis, @metro_tv]	2	7.089389	16	4	Infinity	Infinity	NaN	NaN	NaN	NaN	NaN
[@addthis, @nhincheeranun]	2	7.089389	8	4	Infinity	Infinity	NaN	NaN	NaN	NaN	NaN
[jambi, @addthis, beranak, @metro_tv, sumatra, harimau]	6	7.089389	8	4	0.041450776	0.13114753	0.9998598086	0.0636297327	7.9538885516	36766.1108403162	13.5225920848
[mickelson, watson]	2	9.787977	2	1	0.0053908355	0.006802721	0.9996800939	0.1537654664	7.8484644597	18945.1992445091	12.1047398268
[watson, bubba]	2	9.787977	8	1	0.01746725	0.027210884	0.9996999314	0.095625548	8.1716376154	16293.2993521235	12.0879748945
[tyrek, evan]	2	9.403648	6	2	0.013333334	0.013888889	0.9998713331	0.3345734695	8.0825857533	15613.7679713082	12.7203867471
[emanuel, ballot]	2	10.011557	2	1	0.0034364262	0.0057636886	0.9999205712	0.2810074029	9.6514508626	15158.692318219	12.9386996504
[mickelson, watson, bubba]	3	9.787977	2	1	0.0037383179	0.006802721	0.9997075982	0.117633073	7.9877813694	13590.2507585315	12.2330007343
[unión, discurso, @barackobama]	3	9.269671	2	1	0.004672897	0.006042296	0.9988007051	0.0495625778	6.2526802334	13472.2055990368	10.5225958978
[emanuel, ballot, rahm]	3	10.011557	2	1	0.0022396417	0.0057636886	0.999933148	0.3532559298	9.8417680509	10078.5027645284	13.0206276484
[watson, hoyo, 2do]	3	9.787977	2	1	0.0033840947	0.006802721	0.9978460936	0.0152998894	5.6273618693	9676.2332736582	10.1681865519
[watson, emma]	2	9.787977	4	1	0.005	0.007905139	0.9995004663	0.1626003486	7.8232955866	9213.6868562655	11.3304297581
[watson, bubba, pga]	3	9.787977	2	1	0.0027063598	0.006802721	0.9974472423	0.0183463917	5.7454280124	9149.8454458843	10.1002525266
[sertanejo, cantor]	2	9.574717	4	2	0.0062111802	0.010989011	0.9981952318	0.0372389419	6.2079831998	8956.9718593134	9.9341209624
[feeder, document, explorepson, #explorepson, @epsonl100]	5	9.054015	4	2	0.005873715	0.0065252855	0.9990101274	0.0089868592	6.3028928075	8744.525556542	12.0427996332
[immigr, illeg]	2	9.754583	5	1	0.0062111802	0.00998004	0.9991037973	0.0984199944	7.1740423549	8366.0454655374	10.7213866955
[tiffani, evan]	2	9.403648	4	2	0.005891016	0.009259259	0.9977133528	0.0338015779	5.9070013841	8115.3497004116	9.6200164005
[woot, ballot, rahm]	3	10.011557	2	1	0.0017873101	0.0034904014	0.9806072144	0.0016684457	2.5695208934	7735.5030418537	8.4164395115
[schmidt, eric]	2	8.713313	6	1	0.0055658626	0.006960557	0.9998076636	0.4085765016	8.7778148045	7508.1908195755	11.8168395259
[#fok, fok, keith]	3	20.551083	2	1	0.002642008	0.0036832413	0.9979522155	0.0465147843	6.0794676157	7474.8101541441	9.744923224
[dzeko, citizen]	2	9.144377	2	1	0.003327787	0.0035714286	0.9958611994	0.0197022526	3.7890753526	7236.907751652	8.8364361467
[p2, #tlot, tlot, #p2]	4	17.538712	4	2	0.0036764706	0.0049079754	0.9996084238	0.1000924005	8.1143630815	7053.3468757879	11.3542735986
[aloha, hawaii]	2	8.984742	46	23	0.057934508	0.07001522	0.9978489968	0.0510310465	5.8968826483	6905.4618268494	9.6728444062
[#teaparty, palin, teaparti]	3	19.019691	4	1	0.004060914	0.0067911716	0.9985060225	0.0491679584	6.6727706828	6414.7101263918	10.0767531418
[certif, birth]	2	18.452522	124	31	0.11545624	0.18075801	0.9990458822	0.1206538105	7.2059622704	6412.982133891	10.5492209816
[#teaparty, #gop, gop, teaparti]	4	38.035213	14	2	0.012455516	0.01923077	0.9992238587	0.0867803292	7.4439762278	6360.268075947	10.740708752
[republican, democrat]	2	9.029857	36	4	0.033834588	0.05732484	0.9987997498	0.065773782	6.9567755388	6244.2496037165	10.3048601341
[watson, ralli, pine, torrei]	4	9.787977	2	1	0.0015885624	0.0034542314	0.9938930199	0.0064415785	4.7977721759	6223.590960634	9.4806015121
[hawaiian, hawaii]	2	8.984742	46	23	0.061497327	0.07001522	0.9957345378	0.0235083178	4.6292419019	6157.7485955206	8.7776550451
[tcot, #ocra, ocra, #tcot]	4	16.737051	12	4	0.009049774	0.009860313	0.9999663037	0.0720044483	9.778864554	6045.2152180126	11.9641848458
[watson, salida]	2	9.787977	2	1	0.003236246	0.0061728396	0.9882018497	0.0038995018	3.2089838276	6034.3979369258	7.3687113316
[françai, journalist]	2	9.300477	6	3	0.008902078	0.012526096	0.9913919462	0.0081201949	3.7749135676	5985.7174218628	7.8120589797
[sgp, p2, #tlot, tlot, #p2, #sgp]	6	17.538712	6	2	0.0045836517	0.0073619634	0.9994790369	0.1376635618	7.9652673053	5825.3926522225	11.5017086572
[tcot, #tlot, #tcot, tlot]	4	16.737051	100	4	0.06711409	0.08216927	0.9999505995	0.1704889787	9.9807726015	5814.0794890297	11.894289891
[abercrombi, certif, birth]	3	18.452522	64	32	0.055315472	0.093294464	0.9991373583	0.1110592592	6.9932424152	5775.0086998925	10.8060201014
[#teaparty, p2, #p2, teaparti]	4	17.538712	18	2	0.014863749	0.02208589	0.9990754196	0.0740898134	7.2672882318	5770.9798859525	10.5310528823
[immigr, reform]	2	9.754583	2	1	0.002259887	0.0034423408	0.9961309202	0.0254772027	5.3896493499	5755.774266132	8.8929492674
[seiz, journalist]	2	9.300477	6	3	0.009036144	0.012526096	0.9890532803	0.006047662	3.281372361	5695.8170799483	7.4729702834
[tcot, sgp, #tcot, #sgp]	4	16.737051	48	4	0.033379693	0.03944125	0.9998570411	0.1094895843	9.0329017004	5670.9716144448	11.6349832735
[lgbt, p2, #lgbt, #p2]	4	17.538712	4	2	0.003984064	0.0049079754	0.9978234456	0.0622215898	6.0807964099	5646.232425122	9.6139344363
[gibson, fabio, lindegaard, evan]	4	9.403648	4	2	0.0044101435	0.009259259	0.9961924335	0.0101217599	4.9503112248	5612.4521844344	9.946484234
[legisl, council]	2	9.949806	2	1	0.002541296	0.0037243948	0.9930114955	0.0118525003	4.3837779815	5532.4114695017	8.0960634799
[staal, eric]	2	8.713313	3	1	0.003009027	0.0034802784	0.9977667288	0.0622533439	5.9353572237	5531.6813153194	9.5823742493
[monthli, fee]	2	8.830028	4	2	0.0036231885	0.0052151238	0.99759524	0.055025929	6.1223405293	5237.6918754159	9.4728666909
[tcot, #teaparty, #tcot, teaparti]	4	16.737051	188	4	0.11655301	0.15447822	0.9997662441	0.157480996	8.6987294988	5138.0643845339	11.3696135861
[tcot, @n_idahoelection, #teaparty, #tcot, teaparti]	5	16.737051	8	4	0.0049597025	0.0065735416	0.9997662441	0.157480996	8.6987294988	5138.0643845339	11.3696135861
[aljazeera, journalist]	2	9.300477	6	3	0.0076726344	0.012526096	0.9892894279	0.0064663316	3.7329999666	5031.4371005773	7.4981434977
[tcot, twister, #twisters, #tcot]	4	16.737051	12	4	0.008765522	0.009860313	0.9993428104	0.0359332303	7.467404501	5030.8863851577	10.7569674254
[tcot, sgp, #tpp, tpp, #tcot, #sgp]	6	16.737051	8	4	0.0051981807	0.0065735416	0.9992408667	0.024852591	7.2498671396	5015.7141925479	10.9328171365
[tcot, sgp, #tlot, #tcot, tlot, #sgp]	6	16.737051	8	4	0.004675628	0.0065735416	0.9998869143	0.1577805949	9.3151296003	4921.7158850079	12.0669011116
[easter, egg]	2	8.385093	2	1	0.0014869889	0.0016708438	0.9990583705	0.178151532	7.0716066613	4859.7790491602	10.443199162
[#stateoftheunion, stateoftheunion, republican]	3	9.029857	6	3	0.0077319588	0.00955414	0.9885513746	0.0073310947	3.2337528677	4828.8633996624	7.4041595353
[senat, republican]	2	9.029857	6	3	0.0052401745	0.00955414	0.9965625306	0.0321287733	5.7490328671	4769.9819158086	9.0146299146
[remov, ballot, rahm]	3	10.011557	2	1	0.0011363636	0.0016474464	0.982573666	0.0020753806	3.6597804203	4759.8462217772	8.5559861275
[az, hogi]	2	8.362791	11	1	0.007790368	0.0089869285	0.9989510159	0.030991201	7.0191162839	4643.9730594523	10.3186492718


