yuleq
[moscow, airport]	2	15.74025	268	134	0.27974948	0.3958641	0.9995453274	0.4640185628	7.9502409699	1915.9045323512	10.1114512329
[#constantcontact, via, constantcontact]	3	4.960204	36	12	0.004492139	0.0045209094	0.9994313512	0.0049510298	5.7914365042	139.8302047675	7.1085158427
[coast, east]	2	7.9492855	2	1	0.0033783785	0.004962779	0.998599198	0.1862689181	6.7125297134	2633.5888398178	9.7413392185
[ly, bit]	2	6.373809	12	1	0.004385965	0.0061633284	0.9985176071	0.4173239889	6.948800258	639.062560673	8.5344109434
[moscow, bomb]	2	8.309437	260	130	0.42139384	0.77380955	0.9983878288	0.143817084	6.613779334	2519.3050828626	9.5985839143
[estat, real]	2	5.936652	2	1	6.09E-004	6.64E-004	0.9982265953	0.4082755188	6.5706998412	453.4435362301	8.1252149584
[state, union]	2	6.9264116	4	2	0.0028612304	0.0035682425	0.9979785102	0.0791401584	6.4860343343	1107.1401131826	8.881014977
[york, new]	2	4.3378706	80	20	0.0051599587	0.0054240967	0.9975371962	0.442003943	6.279188628	84.6661567929	6.1408316426
[channel, subscrib, youtub]	3	7.0072365	3	1	4.79E-004	6.51E-004	0.9971631061	0.364450531	6.7438670077	266.6420756991	8.1503695181
[333, lt]	2	4.2214966	5	1	2.98E-004	3.02E-004	0.9966811842	0.362701781	5.6586534451	64.8223234227	5.9548899327
[engin, search]	2	7.3818173	9	3	0.00802139	0.012658228	0.9965792056	0.1375899476	5.9659583437	1295.2255900292	8.5833372668
[up, wake]	2	4.2170286	20	5	0.0011435106	0.0012036591	0.9962091493	0.034084035	5.9217006273	73.51136241	5.9222673513
[woke, up]	2	4.2170286	15	5	8.72E-004	9.03E-004	0.9960048212	0.3905025124	5.7961029759	70.6545856749	5.9159584075
[least, at]	2	10.815775	936	78	0.035890948	0.037357815	0.9953930885	0.3931742748	5.722478315	45.8191706369	5.365826352
[coffe, starbuck, @]	3	5.1658745	2	1	0.001996008	0.0026143792	0.9941424344	0.0310848107	5.2573431178	1247.3021312868	8.0495858555
[airport, blast]	2	15.310667	260	130	0.23444545	0.38404727	0.994087224	0.0541947911	5.3611520155	1173.6148737926	8.011822358
[forward, look]	2	4.921864	10	2	0.0011052166	0.0012088974	0.9934959414	0.3290237473	5.4699777463	149.2747401948	6.5475680185
[each, other]	2	5.725483	4	1	9.21E-004	0.0010758472	0.9932079949	0.2365681664	5.4116823772	316.6300279066	7.1717529739
[speech, obama]	2	7.6312633	2	1	0.0023474179	0.0036101083	0.9924356671	0.0521123807	4.9414581323	1383.2003878857	7.7924169797

NMI
[coast, east]	2	7.9492855	2	1	0.0033783785	0.004962779	0.998599198	0.1862689181	6.7125297134	2633.5888398178	9.7413392185
[moscow, bomb]	2	8.309437	260	130	0.42139384	0.77380955	0.9983878288	0.143817084	6.613779334	2519.3050828626	9.5985839143
[moscow, airport]	2	15.74025	268	134	0.27974948	0.3958641	0.9995453274	0.4640185628	7.9502409699	1915.9045323512	10.1114512329
[35, russia]	2	8.787738	56	28	0.08235294	0.11067194	0.9858680179	0.0088656212	3.8635932822	1405.626532881	7.0213187291
[speech, obama]	2	7.6312633	2	1	0.0023474179	0.0036101083	0.9924356671	0.0521123807	4.9414581323	1383.2003878857	7.7924169797
[engin, search]	2	7.3818173	9	3	0.00802139	0.012658228	0.9965792056	0.1375899476	5.9659583437	1295.2255900292	8.5833372668
[coffe, starbuck, @]	3	5.1658745	2	1	0.001996008	0.0026143792	0.9941424344	0.0310848107	5.2573431178	1247.3021312868	8.0495858555
[accord, sourc]	2	8.002752	10	5	0.015649453	0.02617801	0.9672993911	0.00641098	2.6015322955	1179.1321825587	5.8642023951
[airport, blast]	2	15.310667	260	130	0.23444545	0.38404727	0.994087224	0.0541947911	5.3611520155	1173.6148737926	8.011822358
[state, union]	2	6.9264116	4	2	0.0028612304	0.0035682425	0.9979785102	0.0791401584	6.4860343343	1107.1401131826	8.881014977
[button, camera]	2	7.704227	2	1	0.0024721879	0.0038834952	0.9372066959	0.0035995285	1.7664629863	767.0843811444	4.9172267402
[space, dead]	2	6.8270755	38	19	0.021776505	0.03069467	0.9901727953	0.0813968589	4.9096022306	697.7743391258	7.2919549005
[#ibes, und, sarah, ib]	4	8.298833	2	1	0.0013157895	0.0018501388	0.9596943558	0.0028536985	2.6519516256	673.2883156101	6.5614066439
[ly, bit]	2	6.373809	12	1	0.004385965	0.0061633284	0.9985176071	0.4173239889	6.948800258	639.062560673	8.5344109434
[cent, tryna, 50]	3	6.667503	2	1	9.23E-004	0.0013774105	0.9029274867	0.0028921334	1.1463170035	638.7994577436	5.5784892233
[state, speech]	2	6.9264116	4	2	0.0028188864	0.0035682425	0.9685530186	0.0059620967	3.3090762255	589.3212156686	5.8630514693
[bu, çok, iyi]	3	6.618403	2	1	0.0010840108	0.0013114754	0.9864152134	0.0078831283	4.3321306418	585.3848897632	7.5315298509
[men, det]	2	6.582936	2	1	9.65E-004	0.0012658228	0.9856824524	0.0242921919	4.5131280132	541.3643065201	6.8050318766
[strategi, media, social]	3	6.8516226	10	5	0.0032938076	0.006281407	0.9791951222	0.0354376571	4.005497413	533.4426328254	6.7050685231



support
[at, look]	2	3.7988162	960	80	0.028805474	0.038315706	0.8386752248	0.0186537912	2.3393240026	22.7738974156	3.145054903
[least, at]	2	10.815775	936	78	0.035890948	0.037357815	0.9953930885	0.3931742748	5.722478315	45.8191706369	5.365826352
[home, at]	2	3.7988162	780	78	0.026440678	0.031131512	0.8219440326	0.0368774551	2.1958977737	22.6323056315	3.0545450337
[at, live]	2	3.7988162	729	81	0.02156103	0.029095989	0.7799006203	0.0121255243	1.988747289	19.0072100273	2.7507337654
[at, hi]	2	3.7988162	711	79	0.022533515	0.02837757	0.5156165989	0.0015406151	0.9735460632	9.9419573346	1.564413166
[at, school]	2	3.7988162	702	78	0.024822319	0.02801836	0.7244479944	0.0030646556	1.6553349166	17.3683658663	2.4716959258
[airport, at]	2	11.2296295	630	126	0.024483133	0.025144681	0.9600266319	0.155174955	3.6385253882	34.8161500744	4.5689362981
[gui, at]	2	3.7988162	624	78	0.021651631	0.024905208	0.4718190364	0.0032162603	0.7952520178	9.1012436581	1.4154423756
[pm, at]	2	3.7988162	546	78	0.021122674	0.021792058	0.8570104017	0.0413778083	2.2831917199	23.4726705302	3.3552551064
[tonight, at]	2	3.7988162	546	78	0.019425076	0.021792058	0.7336274562	0.0176696007	1.6922669946	17.7812042627	2.5214674524
[great, at]	2	3.7988162	546	78	0.018126287	0.021792058	0.5452295625	0.0054144501	1.040828951	10.9298934785	1.6772758573
[at, 8]	2	3.7988162	546	78	0.01884188	0.021792058	0.5057297908	8.79E-004	0.8974731996	9.9588793945	1.5347771027
[at, @]	2	3.7988162	546	78	0.021792058	0.021792058	0	0	0	0	0
[at, shit]	2	3.7988162	474	79	0.016022174	0.01891838	0.3602091699	3.69E-004	0.5181401284	6.5047548815	1.04702004
[st, at]	2	3.7988162	468	78	0.018112857	0.018678907	0.918285016	0.0822442934	2.907247894	29.114042102	3.9657374386
[at, park]	2	3.7988162	468	78	0.018080669	0.018678907	0.8194899074	0.001669378	2.0144777438	21.0357889744	3.065215932
[at, 7]	2	3.7988162	468	78	0.01656989	0.018678907	0.611425343	0.0014176375	1.2116959674	13.0690693923	1.945090769
[eat, at]	2	3.7988162	468	78	0.0171592	0.018678907	0.5655822203	0.005518986	1.0149577837	11.5899004777	1.7631450826
[call, at]	2	3.7988162	468	78	0.015819896	0.018678907	0.4449093757	0.0027542992	0.7407524432	8.3991162805	1.3220548061

